nohup: ignoring input
myblog listening on port 3200
[]
[]
[]
[]
[]
[]
[]
[]
[]
[]
[]
[]
[]
[]
[]
[]
[]
[]
[]
[]
[]
[]
[]
[]
[]
[]
[]
[]
[]
[]
[]
123
3000
123
3001
123
3002
123
3003
123
3004
123
3005
123
3006
123
3007
123
3008
123
3009
123
3010
123
3011
123
3012
123
3013
123
3014
123
3015
123
3016
123
3017
123
3018
123
3019
123
3020
123
3021
123
3022
123
3023
123
3024
123
3025
123
3026
123
3027
123
3028
123
3029
123
3030
123
3031
123
3032
123
3033
123
3034
123
3035
123
3036
123
3037
123
3038
123
3039
123
3040
123
3041
123
3042
123
3043
123
3044
123
3045
123
3046
123
3047
123
3048
123
3049
123
3050
123
3051
123
3052
123
3053
123
3054
123
3055
123
3056
123
3057
123
3058
123
3059
123
3060
123
3061
123
3062
123
3063
123
3064
123
3065
123
3066
123
3067
123
3068
123
3069
123
3070
123
3071
123
3072
123
3073
123
3074
123
3075
123
3076
123
3077
123
3078
123
3079
123
3080
123
3081
123
3082
123
3083
123
3084
123
3085
123
3086
123
3087
123
3088
123
3089
123
3090
123
3091
123
3092
123
3093
123
3094
123
3095
123
3096
123
3097
123
3098
123
3099
123
3100
123
3101
123
3102
123
3103
123
3104
123
3105
123
3106
123
3107
123
3108
123
3109
123
3110
123
3111
123
3112
123
3113
123
3114
123
3115
123
3116
123
3117
123
3118
123
3119
123
3120
123
3121
123
3122
123
3123
123
3124
123
3125
123
3126
123
3127
123
3128
123
3129
123
3130
123
3131
123
3132
123
3133
123
3134
123
3135
123
3136
123
3137
123
3138
123
3139
123
3140
123
3141
123
3142
123
3143
123
3144
123
3145
123
3146
123
3147
123
3148
123
3149
123
3150
123
3151
123
3152
123
3153
123
3154
123
3155
123
3156
123
3157
123
3158
123
3159
123
3160
123
3161
123
3162
123
3163
123
3164
123
3165
123
3166
123
3167
123
3168
123
3169
123
3170
123
3171
123
3172
123
3173
123
3174
123
3175
123
3176
123
3177
123
3178
123
3179
123
3180
123
3181
123
3182
123
3183
123
3184
123
3185
123
3186
123
3187
123
3188
123
3189
123
3190
123
3191
123
3192
123
3193
123
3194
123
3195
123
3196
123
3197
123
3198
123
3199
123
3200
123
3201
123
3202
123
3203
123
3204
123
3205
123
3206
123
3207
123
3208
123
3209
123
3210
123
3211
123
3212
123
3213
123
3214
123
3215
123
3216
123
3217
123
3218
123
3219
123
3220
123
3221
123
3222
123
3223
123
3224
123
3225
123
3226
123
3227
123
3228
123
3229
123
3230
123
3231
123
3232
123
3233
123
3234
123
3235
123
3236
123
3237
123
3238
123
3239
123
3240
123
3241
123
3242
123
3243
123
3244
123
3245
123
3246
123
3247
123
3248
123
3249
123
3250
123
3251
123
3252
123
3253
123
3254
123
3255
123
3256
123
3257
123
3258
123
3259
123
3260
123
3261
123
3262
123
3263
123
3264
123
3265
123
3266
123
3267
123
3268
123
3269
123
3270
123
3271
123
3272
123
3273
123
3274
123
3275
123
3276
123
3277
123
3278
123
3279
123
3280
123
3281
123
3282
123
3283
123
3284
123
3285
123
3286
123
3287
123
3288
123
3289
123
3290
123
3291
123
3292
123
3293
123
3294
123
3295
123
3296
123
3297
123
3298
123
3299
123
3300
123
3301
123
3302
123
3303
123
3304
123
3305
123
3306
123
3307
123
3308
123
3309
123
3310
123
3311
123
3312
123
3313
123
3314
123
3315
123
3316
123
3317
123
3318
123
3319
123
3320
123
3321
123
3322
123
3323
123
3324
123
3325
123
3326
123
3327
123
3328
123
3329
123
3330
123
3331
123
3332
123
3333
123
3334
123
3335
123
3336
123
3337
123
3338
123
3339
123
3340
123
3341
123
3342
123
3343
123
3344
123
3345
123
3346
123
3347
123
3348
123
3349
123
3350
123
3351
123
3352
123
3353
123
3354
123
3355
123
3356
123
3357
123
3358
123
3359
123
3360
123
3361
123
3362
123
3363
123
3364
123
3365
123
3366
123
3367
123
3368
123
3369
123
3370
123
3371
123
3372
123
3373
123
3374
123
3375
123
3376
123
3377
123
3378
123
3379
123
3380
123
3381
123
3382
123
3383
123
3384
123
3385
123
3386
123
3387
123
3388
123
3389
123
3390
123
3391
123
3392
123
3393
123
3394
123
3395
123
3396
123
3397
123
3398
123
3399
123
3400
123
3401
123
3402
123
3403
123
3404
123
3405
123
3406
123
3407
123
3408
123
3409
123
3410
123
3411
123
3412
123
3413
123
3414
123
3415
123
3416
123
3417
123
3418
123
3419
123
3420
123
3421
123
3422
123
3423
123
3424
123
3425
123
3426
123
3427
123
3428
123
3429
123
3430
123
3431
123
3432
123
3433
123
3434
123
3435
123
3436
123
3437
123
3438
123
3439
123
3440
123
3441
123
3442
123
3443
123
3444
123
3445
123
3446
123
3447
123
3448
123
3449
123
3450
123
3451
123
3452
123
3453
123
3454
123
3455
123
3456
123
3457
123
3458
123
3459
123
3460
123
3461
123
3462
123
3463
123
3464
123
3465
123
3466
123
3467
123
3468
123
3469
123
3470
123
3471
123
3472
123
3473
123
3474
123
3475
123
3476
123
3477
123
3478
123
3479
123
3480
123
3481
123
3482
123
3483
123
3484
123
3485
123
3486
123
3487
123
3488
123
3489
123
3490
123
3491
123
3492
123
3493
123
3494
123
3495
123
3496
123
3497
123
3498
123
3499
123
3500
123
3501
123
3502
123
3503
123
3504
123
3505
123
3506
123
3507
123
3508
123
3509
123
3510
123
3511
123
3512
123
3513
123
3514
123
3515
123
3516
123
3517
123
3518
123
3519
123
3520
123
3521
123
3522
123
3523
123
3524
123
3525
123
3526
123
3527
123
3528
123
3529
123
3530
123
3531
123
3532
123
3533
123
3534
123
3535
123
3536
123
3537
123
3538
123
3539
123
3540
123
3541
123
3542
123
3543
123
3544
123
3545
123
3546
123
3547
123
3548
123
3549
123
3550
123
3551
123
3552
123
3553
123
3554
123
3555
123
3556
123
3557
123
3558
123
3559
123
3560
123
3561
123
3562
123
3563
123
3564
123
3565
123
3566
123
3567
123
3568
123
3569
123
3570
123
3571
123
3572
123
3573
123
3574
123
3575
123
3576
123
3577
123
3578
123
3579
123
3580
123
3581
123
3582
123
3583
123
3584
123
3585
123
3586
123
3587
123
3588
123
3589
123
3590
123
3591
123
3592
123
3593
123
3594
123
3595
123
3596
123
3597
123
3598
123
3599
123
3600
123
3601
123
3602
123
3603
123
3604
123
3605
123
3606
123
3607
123
3608
123
3609
123
3610
123
3611
123
3612
123
3613
123
3614
123
3615
123
3616
123
3617
123
3618
123
3619
123
3620
123
3621
123
3622
123
3623
123
3624
123
3625
123
3626
123
3627
123
3628
123
3629
123
3630
123
3631
123
3632
123
3633
123
3634
123
3635
123
3636
123
3637
123
3638
123
3639
123
3640
123
3641
123
3642
123
3643
123
3644
123
3645
123
3646
123
3647
123
3648
123
3649
123
3650
123
3651
123
3652
123
3653
123
3654
123
3655
123
3656
123
3657
123
3658
123
3659
123
3660
123
3661
123
3662
123
3663
123
3664
123
3665
123
3666
123
3667
123
3668
123
3669
123
3670
123
3671
123
3672
123
3673
123
3674
123
3675
123
3676
123
3677
123
3678
123
3679
123
3680
123
3681
123
3682
123
3683
123
3684
123
3685
123
3686
123
3687
123
3688
123
3689
123
3690
123
3691
123
3692
123
3693
